/////////////////////////////////////////////////////////
// Map name       Base 47                              //
// Locations by   antman                               //
// Modified by    antman                               //
// Recommended    b_locationMaxChars 25                //
// Last edited    28-05-2006                           //
// http://www.antman.info/wolf/etpro/locations/        //
/////////////////////////////////////////////////////////
540 -2342 108 "Allied Spawn"
511 -2083 108 @
701 -2075 108 @
947 -2083 108 @
931 -2355 108 @
709 -2345 108 @
1769 -2624 66 "Allied Spawn Road"
1481 -2627 66 @
1016 -2624 66 @
919 -2473 80 @
590 -2467 80 @
-115 -2627 66 @
-656 -2631 66 @
-1213 -2344 93 @
1104 -2105 80 "Allied Spawn Yard"
1114 -2375 80 @
389 -2361 80 @
367 -2056 80 @
1223 928 352 "Axis Office"
1437 923 352 @
1545 1118 352 @
1547 1326 352 @
1265 1355 352 @
1106 1171 352 @
1709 1773 352 @
1190 1809 352 @
1773 944 352 @
1106 1567 352 @
1110 1316 352 @
1401 720 352 "Axis Office Catwalk"
1392 572 352 @
1107 565 352 @
758 576 352 @
1251 582 352 @
1235 1053 148 "Axis Office Stairs"
1345 952 160 @
1384 1219 256 @
1383 1078 208 @
1233 1108 304 @
1230 1232 256 @
1203 931 160 @
1190 1789 80 "Axis Spawn"
1143 1566 80 @
1146 1274 80 @
1132 986 80 @
1228 850 80 @
1531 953 80 @
1376 1094 80 @
1390 1274 80 @
1709 886 96 @
1362 852 80 @
1638 1654 80 @
-1231 -724 73 "Base 47 Entrance Tunnel"
-1221 -1350 94 @
-347 326 352 "Base 47 Radar"
-717 393 352 @
-539 266 352 @
-594 461 352 @
-1209 -420 66 "Base 47 Yard"
-1486 -596 64 @
-1550 -292 64 @
-1554 -447 64 @
-1523 46 64 @
-1415 367 66 @
-1572 701 64 @
-1602 1091 65 @
-2055 1089 65 @
-1552 1527 64 @
-1173 1670 66 @
-1080 1339 65 @
-821 1344 66 @
-575 1349 65 @
-518 1540 64 @
-516 1772 64 @
-304 1786 64 @
-306 1458 64 @
-110 1344 65 @
214 1341 65 @
485 1432 64 @
520 1754 64 @
968 1818 64 @
970 1516 72 @
986 1202 64 @
957 846 66 @
982 535 65 @
-574 1026 66 @
-198 1037 64 @
-127 660 64 @
91 623 73 @
113 225 100 @
-93 195 64 @
-143 -74 64 @
-471 -47 66 @
-719 -48 64 @
-1006 130 64 @
-996 458 64 @
-975 820 72 @
-925 -493 64 @
-571 -573 64 @
-209 -581 64 @
73 -456 64 @
225 -582 64 @
530 -555 66 @
886 -568 66 @
982 -361 64 @
983 64 65 @
204 -9 64 @
487 18 64 @
719 83 64 @
746 430 65 @
722 685 64 @
514 900 64 @
197 881 64 @
25 415 288 @
-310 1617 224 "Base Radio Transmitter"
-533 1614 224 @
-321 1794 224 @
-536 1799 224 @
-1964 1074 368 "Command Building"
-2696 307 368 @
-2418 653 352 @
-2511 414 352 @
-1746 1077 384 @
-1657 1221 368 @
-1672 1361 368 @
-1977 1350 368 @
-2079 760 352 @
-1896 621 352 @
-1878 425 352 @
-2304 407 352 @
-2560 -348 352 @
-2457 162 352 @
-2115 145 352 @
-1866 211 352 @
-2685 653 352 @
-2701 -81 352 @
-2450 -129 352 @
-2002 1472 368 "Command Building Hallway"
-2428 1474 364 @
-2197 1656 292 @
-1767 1686 232 @
-1745 1814 232 @
-1610 1815 232 "Command Building Lookout"
-1156 1816 232 @
-1432 1792 232 @
-1539 1310 368 "Command Building MG42"
-1536 1118 368 @
-2067 -231 488 "Command Building Roof"
-2420 -363 560 @
-2733 -353 560 @
-2575 -312 512 @
-2570 33 512 @
-2559 372 512 @
-2726 679 512 @
-2397 668 512 @
-1897 657 512 @
-1882 406 512 @
-1874 146 512 @
-2165 146 512 @
-2433 162 512 @
-2450 -171 512 @
-2733 -179 512 @
-2733 -22 512 @
-2124 685 512 @
-2245 474 512 @
-2239 310 512 @
-2277 199 512 @
-2398 383 512 @
-2612 555 512 @
-2733 301 512 @
-1475 1689 172 "Command Building Stairs"
-1696 644 352 "Command Building Terrace"
-1553 394 352 @
-1719 449 352 @
-1719 214 352 @
-1640 -70 352 @
-1868 -8 366 @
-2166 -10 352 @
-2310 -20 352 @
-2308 -314 352 @
-2669 -491 352 @
-2450 -486 352 @
-2124 -473 352 @
-1668 -465 352 @
-1940 -470 352 @
-1843 -282 352 @
-1982 -53 352 @
-2272 -131 352 @
-1774 923 352 "Command Post"
-2041 923 352 @
343 1650 80 "Empty Garage"
166 1463 80 @
-162 1464 80 @
-174 1793 80 @
-155 1626 212 @
1228 -740 64 "Garage"
1219 -1309 64 @
858 -1309 64 @
188 -1312 64 @
188 -955 64 @
212 -734 16 @
566 -753 64 @
800 -754 64 @
-953 -750 64 @
-573 -743 64 @
-254 -757 64 @
-188 -1280 64 @
-481 -1282 64 @
662 -1174 64 @
-263 -768 352 "Garage Catwalk"
83 -773 352 @
251 -765 352 @
304 155 64 "Generators"
594 156 64 @
586 450 72 @
549 745 68 @
256 753 64 @
246 577 64 @
-640 96 80 "Health and Ammo Cabinets"
-696 251 80 @
-429 239 80 @
601 568 352 "Middle Roof"
557 213 352 @
268 111 352 @
266 491 352 @
284 725 352 @
264 -11 352 "Middle Roof Catwalk"
259 -281 352 @
255 -581 352 @
-923 -1541 64 "Outside Base 47"
-11 -1502 64 @
66 -2048 64 @
-1642 -2335 64 @
-2047 -1556 64 @
-1471 -1534 64 @
-1216 -1593 101 @
-1259 -1997 -254 @
-1184 -1957 -67 @
-613 -2119 -37 @
-93 -2061 -70 @
-313 1013 352 "Radar Roof"
-762 978 352 @
-693 572 352 @
-361 572 352 @
-564 572 356 @
-257 325 352 @
-262 55 352 @
-528 148 352 @
-823 169 352 @
-811 391 352 @
-574 909 352 @
-715 795 352 @
-444 771 352 @
-1402 381 352 "Radar Roof Bridge"
-1044 384 352 @
-253 -87 352 "Radar Roof Catwalk"
-257 -575 352 @
-571 867 80 "Radar Roof Ladders"
-627 769 352 @
-653 1777 212 "Radio Transmitter Garage"
-656 1585 212 @
-650 1442 80 @
-1032 1455 80 @
-1034 1787 80 @
-2283 215 352 "Secret War Documents"
1523 -2276 -103 "Sewer Door"
1674 -2282 -103 @
1481 -2395 64 "Sewer Entrance Hallway"
1399 -2054 -67 @
1520 -2095 -55 @
1343 -723 208 "Sewer Exit"
1334 -1156 64 @
1339 -908 124 @
1307 -1341 64 @
1553 -1322 64 @
1531 -1064 64 @
1665 -2712 -103 "Sewers"
1668 -2429 -103 @
1655 -2107 -103 @
1509 -1922 -103 @
1464 -1554 -103 @
1481 -995 -103 @
836 -1533 -103 @
834 -1269 -103 @
1465 -1249 -103 @
-2703 605 64 "Warehouse"
-2715 -51 64 @
-2715 -432 64 @
-2271 -483 64 @
-2288 -245 64 @
-2129 -156 64 @
-2007 -327 64 @
-1838 -455 64 @
-1700 -462 64 @
-1701 53 64 @
-1706 387 64 @
-1707 588 64 @
-1573 375 80 @
-2185 193 64 @
-2544 259 64 @
-2214 607 64 @
-1727 -257 64 @
-2730 -628 64 "Warehouse Alley"
-2312 -645 64 @
-1958 -654 64 @
-1763 -631 64 @
-2154 -330 136 "Warehouse Stairs"
-2145 -475 160 @
-1980 -472 160 @
-1984 -296 220 @
-1987 -149 256 @
-2166 -153 256 @
-2144 -305 316 @
1641 -563 208 "Water Purifiers"
1344 -587 208 @
1126 -445 242 @
1109 -138 208 @
1119 114 211 @
1141 360 212 @
1160 547 208 @
1118 750 208 @
1365 776 208 @
1693 762 208 @
1780 470 208 @
1413 566 208 @
